拍照请求收到
E9 8B 03 00 18 00 00 00 01 00 00 00 40 01 01 00  01 01 00 01 EC 69 07 00

工艺段数请求
E9 8B 03 00 32 00 00 00 01 00 00 00 40 01 01 00 02 01 00 15 08 00 00 00 00 00 00 00 00 00 00 00 00 00 00 00 00 00 00 00 00 00 00 00 00 00 EC 69 07 00

路径规划请求
E9 8B 03 00 4C 00 00 00 01 00 00 00 40 01 01 00 03 01 00 94 01 00 00 00 00 00 00 00 00 00 00 00 00 00 00 00 00 00 00 00 00 00 00 00 00 00 00 00 00 00 00 00 00 00 00 00 08 07 01 05 00 00 00 00 00 00 00 00 00 00 00 00 EC 69 07 00

工艺路径请求1
E9 8B 03 00 50 00 00 00 01 00 00 00 40 01 01 00 04 01 00 84 F8 2C B2 44 00 00 00 00 A9 65 58 44 FF FF 33 43 9B 12 28 36 00 00 00 00 00 00 00 00 00 00 00 00 00 00 00 00 00 00 00 00 00 00 00 00 00 00 00 00 37 02 00 00 00 00 00 00 EC 69 07 00 

工艺路径请求2
E9 8B 03 00 50 00 00 00 01 00 00 00 40 01 01 00 04 01 00 84 F8 2C B2 44 00 00 00 00 A9 65 58 44 FF FF 33 43 9B 12 28 36 00 00 00 00 00 00 00 00 00 00 00 00 00 00 00 00 00 00 00 00 00 00 00 00 00 00 00 00 37 02 00 00 00 00 00 00 EC 69 07 00 

工艺路径请求3
E9 8B 03 00 50 00 00 00 01 00 00 00 40 01 01 00 04 01 00 84 F8 2C B2 44 00 00 00 00 A9 65 58 44 FF FF 33 43 9B 12 28 36 00 00 00 00 00 00 00 00 00 00 00 00 00 00 00 00 00 00 00 00 00 00 00 00 00 00 00 00 37 02 00 00 00 00 00 00 EC 69 07 00 




 
