//MACRO1 1
///ATTR 1,0,1,0,0,0,0,0
///JOB1 M004PRM
///JOB2
///ARGSET 1,1,0,0,0,0,0,0,0,0,0,0,0,0,0,0
///ARGTYPE KD,KD,,,,,,,,,,,,,,
///COMMENT1
工件编号
VIN起始B[]














///COMMENT2
















///TAGDISP 1,1,0,0,0,0,0,0,0,0,0,0,0,0,0,0
///TAGCOMM
Pid=
VinB[]=














///TAGINIT
0,0,0,0,0,0,0,0
0,0,0,0,0,0,0,0
//MACRO1 2
///ATTR 1,0,1,0,0,0,0,0
///JOB1 M004GUID
///JOB2
///ARGSET 1,0,0,0,0,0,0,0,0,0,0,0,0,0,0,0
///ARGTYPE KD,,,,,,,,,,,,,,,
///COMMENT1
存储地址P[]















///COMMENT2
















///TAGDISP 1,0,0,0,0,0,0,0,0,0,0,0,0,0,0,0
///TAGCOMM
CorrP[]=















///TAGINIT
0,0,0,0,0,0,0,0
0,0,0,0,0,0,0,0
//MACRO1 3
///ATTR 1,0,1,0,0,0,0,0
///JOB1 M004SDP
///JOB2
///ARGSET 1,1,0,0,0,0,0,0,0,0,0,0,0,0,0,0
///ARGTYPE KD,KD,,,,,,,,,,,,,,
///COMMENT1
用户编号
工具坐标














///COMMENT2
















///TAGDISP 1,1,0,0,0,0,0,0,0,0,0,0,0,0,0,0
///TAGCOMM
Uf=
Ut=














///TAGINIT
0,0,0,0,0,0,0,0
0,0,0,0,0,0,0,0
//MACRO1 4
///ATTR 1,0,1,0,0,0,0,0
///JOB1 M004CRA
///JOB2
///ARGSET 1,1,1,0,0,0,0,0,0,0,0,0,0,0,0,0
///ARGTYPE KD,KD,KD,,,,,,,,,,,,,
///COMMENT1
相机编号
用户编号
工具坐标













///COMMENT2
















///TAGDISP 1,1,1,0,0,0,0,0,0,0,0,0,0,0,0,0
///TAGCOMM
CraId=
Uf=
Ut=













///TAGINIT
0,0,0,0,0,0,0,0
0,0,0,0,0,0,0,0
//MACRO1 5
///ATTR 1,0,1,0,0,0,0,0
///JOB1 M004ASMB
///JOB2
///ARGSET 1,1,0,0,0,0,0,0,0,0,0,0,0,0,0,0
///ARGTYPE KD,KD,,,,,,,,,,,,,,
///COMMENT1
装调速度[mm/s]
到位延迟[ms]














///COMMENT2
















///TAGDISP 1,1,0,0,0,0,0,0,0,0,0,0,0,0,0,0
///TAGCOMM
VMVel=
VMDel=














///TAGINIT
0,0,0,0,0,0,0,0
0,0,0,0,0,0,0,0
//MACRO1 6
///ATTR 1,0,1,0,0,0,0,0
///JOB1 M004DQMN
///JOB2
///ARGSET 1,1,0,0,0,0,0,0,0,0,0,0,0,0,0,0
///ARGTYPE KD,KD,,,,,,,,,,,,,,
///COMMENT1
装调速度[mm/s]
到位延迟[ms]














///COMMENT2
















///TAGDISP 1,1,0,0,0,0,0,0,0,0,0,0,0,0,0,0
///TAGCOMM
VMVel=
VMDel=














///TAGINIT
0,0,0,0,0,0,0,0
0,0,0,0,0,0,0,0
//MACRO1 7
///ATTR 0,0,0,0,0,0,0,0
///JOB1
///JOB2
///ARGSET 0,0,0,0,0,0,0,0,0,0,0,0,0,0,0,0
///ARGTYPE ,,,,,,,,,,,,,,,
///COMMENT1
















///COMMENT2
















///TAGDISP 0,0,0,0,0,0,0,0,0,0,0,0,0,0,0,0
///TAGCOMM
















///TAGINIT
0,0,0,0,0,0,0,0
0,0,0,0,0,0,0,0
//MACRO1 8
///ATTR 0,0,0,0,0,0,0,0
///JOB1
///JOB2
///ARGSET 0,0,0,0,0,0,0,0,0,0,0,0,0,0,0,0
///ARGTYPE ,,,,,,,,,,,,,,,
///COMMENT1
















///COMMENT2
















///TAGDISP 0,0,0,0,0,0,0,0,0,0,0,0,0,0,0,0
///TAGCOMM
















///TAGINIT
0,0,0,0,0,0,0,0
0,0,0,0,0,0,0,0
//MACRO1 9
///ATTR 0,0,0,0,0,0,0,0
///JOB1
///JOB2
///ARGSET 0,0,0,0,0,0,0,0,0,0,0,0,0,0,0,0
///ARGTYPE ,,,,,,,,,,,,,,,
///COMMENT1
















///COMMENT2
















///TAGDISP 0,0,0,0,0,0,0,0,0,0,0,0,0,0,0,0
///TAGCOMM
















///TAGINIT
0,0,0,0,0,0,0,0
0,0,0,0,0,0,0,0
//MACRO1 10
///ATTR 0,0,0,0,0,0,0,0
///JOB1
///JOB2
///ARGSET 0,0,0,0,0,0,0,0,0,0,0,0,0,0,0,0
///ARGTYPE ,,,,,,,,,,,,,,,
///COMMENT1
















///COMMENT2
















///TAGDISP 0,0,0,0,0,0,0,0,0,0,0,0,0,0,0,0
///TAGCOMM
















///TAGINIT
0,0,0,0,0,0,0,0
0,0,0,0,0,0,0,0
//MACRO1 11
///ATTR 0,0,0,0,0,0,0,0
///JOB1
///JOB2
///ARGSET 0,0,0,0,0,0,0,0,0,0,0,0,0,0,0,0
///ARGTYPE ,,,,,,,,,,,,,,,
///COMMENT1
















///COMMENT2
















///TAGDISP 0,0,0,0,0,0,0,0,0,0,0,0,0,0,0,0
///TAGCOMM
















///TAGINIT
0,0,0,0,0,0,0,0
0,0,0,0,0,0,0,0
//MACRO1 12
///ATTR 0,0,0,0,0,0,0,0
///JOB1
///JOB2
///ARGSET 0,0,0,0,0,0,0,0,0,0,0,0,0,0,0,0
///ARGTYPE ,,,,,,,,,,,,,,,
///COMMENT1
















///COMMENT2
















///TAGDISP 0,0,0,0,0,0,0,0,0,0,0,0,0,0,0,0
///TAGCOMM
















///TAGINIT
0,0,0,0,0,0,0,0
0,0,0,0,0,0,0,0
//MACRO1 13
///ATTR 0,0,0,0,0,0,0,0
///JOB1
///JOB2
///ARGSET 0,0,0,0,0,0,0,0,0,0,0,0,0,0,0,0
///ARGTYPE ,,,,,,,,,,,,,,,
///COMMENT1
















///COMMENT2
















///TAGDISP 0,0,0,0,0,0,0,0,0,0,0,0,0,0,0,0
///TAGCOMM
















///TAGINIT
0,0,0,0,0,0,0,0
0,0,0,0,0,0,0,0
//MACRO1 14
///ATTR 0,0,0,0,0,0,0,0
///JOB1
///JOB2
///ARGSET 0,0,0,0,0,0,0,0,0,0,0,0,0,0,0,0
///ARGTYPE ,,,,,,,,,,,,,,,
///COMMENT1
















///COMMENT2
















///TAGDISP 0,0,0,0,0,0,0,0,0,0,0,0,0,0,0,0
///TAGCOMM
















///TAGINIT
0,0,0,0,0,0,0,0
0,0,0,0,0,0,0,0
//MACRO1 15
///ATTR 0,0,0,0,0,0,0,0
///JOB1
///JOB2
///ARGSET 0,0,0,0,0,0,0,0,0,0,0,0,0,0,0,0
///ARGTYPE ,,,,,,,,,,,,,,,
///COMMENT1
















///COMMENT2
















///TAGDISP 0,0,0,0,0,0,0,0,0,0,0,0,0,0,0,0
///TAGCOMM
















///TAGINIT
0,0,0,0,0,0,0,0
0,0,0,0,0,0,0,0
//MACRO1 16
///ATTR 0,0,0,0,0,0,0,0
///JOB1
///JOB2
///ARGSET 0,0,0,0,0,0,0,0,0,0,0,0,0,0,0,0
///ARGTYPE ,,,,,,,,,,,,,,,
///COMMENT1
















///COMMENT2
















///TAGDISP 0,0,0,0,0,0,0,0,0,0,0,0,0,0,0,0
///TAGCOMM
















///TAGINIT
0,0,0,0,0,0,0,0
0,0,0,0,0,0,0,0
//MACRO1 17
///ATTR 0,0,0,0,0,0,0,0
///JOB1
///JOB2
///ARGSET 0,0,0,0,0,0,0,0,0,0,0,0,0,0,0,0
///ARGTYPE ,,,,,,,,,,,,,,,
///COMMENT1
















///COMMENT2
















///TAGDISP 0,0,0,0,0,0,0,0,0,0,0,0,0,0,0,0
///TAGCOMM
















///TAGINIT
0,0,0,0,0,0,0,0
0,0,0,0,0,0,0,0
//MACRO1 18
///ATTR 0,0,0,0,0,0,0,0
///JOB1
///JOB2
///ARGSET 0,0,0,0,0,0,0,0,0,0,0,0,0,0,0,0
///ARGTYPE ,,,,,,,,,,,,,,,
///COMMENT1
















///COMMENT2
















///TAGDISP 0,0,0,0,0,0,0,0,0,0,0,0,0,0,0,0
///TAGCOMM
















///TAGINIT
0,0,0,0,0,0,0,0
0,0,0,0,0,0,0,0
//MACRO1 19
///ATTR 0,0,0,0,0,0,0,0
///JOB1
///JOB2
///ARGSET 0,0,0,0,0,0,0,0,0,0,0,0,0,0,0,0
///ARGTYPE ,,,,,,,,,,,,,,,
///COMMENT1
















///COMMENT2
















///TAGDISP 0,0,0,0,0,0,0,0,0,0,0,0,0,0,0,0
///TAGCOMM
















///TAGINIT
0,0,0,0,0,0,0,0
0,0,0,0,0,0,0,0
//MACRO1 20
///ATTR 0,0,0,0,0,0,0,0
///JOB1
///JOB2
///ARGSET 0,0,0,0,0,0,0,0,0,0,0,0,0,0,0,0
///ARGTYPE ,,,,,,,,,,,,,,,
///COMMENT1
















///COMMENT2
















///TAGDISP 0,0,0,0,0,0,0,0,0,0,0,0,0,0,0,0
///TAGCOMM
















///TAGINIT
0,0,0,0,0,0,0,0
0,0,0,0,0,0,0,0
//MACRO1 21
///ATTR 0,0,0,0,0,0,0,0
///JOB1
///JOB2
///ARGSET 0,0,0,0,0,0,0,0,0,0,0,0,0,0,0,0
///ARGTYPE ,,,,,,,,,,,,,,,
///COMMENT1
















///COMMENT2
















///TAGDISP 0,0,0,0,0,0,0,0,0,0,0,0,0,0,0,0
///TAGCOMM
















///TAGINIT
0,0,0,0,0,0,0,0
0,0,0,0,0,0,0,0
//MACRO1 22
///ATTR 0,0,0,0,0,0,0,0
///JOB1
///JOB2
///ARGSET 0,0,0,0,0,0,0,0,0,0,0,0,0,0,0,0
///ARGTYPE ,,,,,,,,,,,,,,,
///COMMENT1
















///COMMENT2
















///TAGDISP 0,0,0,0,0,0,0,0,0,0,0,0,0,0,0,0
///TAGCOMM
















///TAGINIT
0,0,0,0,0,0,0,0
0,0,0,0,0,0,0,0
//MACRO1 23
///ATTR 0,0,0,0,0,0,0,0
///JOB1
///JOB2
///ARGSET 0,0,0,0,0,0,0,0,0,0,0,0,0,0,0,0
///ARGTYPE ,,,,,,,,,,,,,,,
///COMMENT1
















///COMMENT2
















///TAGDISP 0,0,0,0,0,0,0,0,0,0,0,0,0,0,0,0
///TAGCOMM
















///TAGINIT
0,0,0,0,0,0,0,0
0,0,0,0,0,0,0,0
//MACRO1 24
///ATTR 0,0,0,0,0,0,0,0
///JOB1
///JOB2
///ARGSET 0,0,0,0,0,0,0,0,0,0,0,0,0,0,0,0
///ARGTYPE ,,,,,,,,,,,,,,,
///COMMENT1
















///COMMENT2
















///TAGDISP 0,0,0,0,0,0,0,0,0,0,0,0,0,0,0,0
///TAGCOMM
















///TAGINIT
0,0,0,0,0,0,0,0
0,0,0,0,0,0,0,0
//MACRO1 25
///ATTR 0,0,0,0,0,0,0,0
///JOB1
///JOB2
///ARGSET 0,0,0,0,0,0,0,0,0,0,0,0,0,0,0,0
///ARGTYPE ,,,,,,,,,,,,,,,
///COMMENT1
















///COMMENT2
















///TAGDISP 0,0,0,0,0,0,0,0,0,0,0,0,0,0,0,0
///TAGCOMM
















///TAGINIT
0,0,0,0,0,0,0,0
0,0,0,0,0,0,0,0
//MACRO1 26
///ATTR 0,0,0,0,0,0,0,0
///JOB1
///JOB2
///ARGSET 0,0,0,0,0,0,0,0,0,0,0,0,0,0,0,0
///ARGTYPE ,,,,,,,,,,,,,,,
///COMMENT1
















///COMMENT2
















///TAGDISP 0,0,0,0,0,0,0,0,0,0,0,0,0,0,0,0
///TAGCOMM
















///TAGINIT
0,0,0,0,0,0,0,0
0,0,0,0,0,0,0,0
//MACRO1 27
///ATTR 0,0,0,0,0,0,0,0
///JOB1
///JOB2
///ARGSET 0,0,0,0,0,0,0,0,0,0,0,0,0,0,0,0
///ARGTYPE ,,,,,,,,,,,,,,,
///COMMENT1
















///COMMENT2
















///TAGDISP 0,0,0,0,0,0,0,0,0,0,0,0,0,0,0,0
///TAGCOMM
















///TAGINIT
0,0,0,0,0,0,0,0
0,0,0,0,0,0,0,0
//MACRO1 28
///ATTR 0,0,0,0,0,0,0,0
///JOB1
///JOB2
///ARGSET 0,0,0,0,0,0,0,0,0,0,0,0,0,0,0,0
///ARGTYPE ,,,,,,,,,,,,,,,
///COMMENT1
















///COMMENT2
















///TAGDISP 0,0,0,0,0,0,0,0,0,0,0,0,0,0,0,0
///TAGCOMM
















///TAGINIT
0,0,0,0,0,0,0,0
0,0,0,0,0,0,0,0
//MACRO1 29
///ATTR 0,0,0,0,0,0,0,0
///JOB1
///JOB2
///ARGSET 0,0,0,0,0,0,0,0,0,0,0,0,0,0,0,0
///ARGTYPE ,,,,,,,,,,,,,,,
///COMMENT1
















///COMMENT2
















///TAGDISP 0,0,0,0,0,0,0,0,0,0,0,0,0,0,0,0
///TAGCOMM
















///TAGINIT
0,0,0,0,0,0,0,0
0,0,0,0,0,0,0,0
//MACRO1 30
///ATTR 0,0,0,0,0,0,0,0
///JOB1
///JOB2
///ARGSET 0,0,0,0,0,0,0,0,0,0,0,0,0,0,0,0
///ARGTYPE ,,,,,,,,,,,,,,,
///COMMENT1
















///COMMENT2
















///TAGDISP 0,0,0,0,0,0,0,0,0,0,0,0,0,0,0,0
///TAGCOMM
















///TAGINIT
0,0,0,0,0,0,0,0
0,0,0,0,0,0,0,0
//MACRO1 31
///ATTR 0,0,0,0,0,0,0,0
///JOB1
///JOB2
///ARGSET 0,0,0,0,0,0,0,0,0,0,0,0,0,0,0,0
///ARGTYPE ,,,,,,,,,,,,,,,
///COMMENT1
















///COMMENT2
















///TAGDISP 0,0,0,0,0,0,0,0,0,0,0,0,0,0,0,0
///TAGCOMM
















///TAGINIT
0,0,0,0,0,0,0,0
0,0,0,0,0,0,0,0
//MACRO1 32
///ATTR 0,0,0,0,0,0,0,0
///JOB1
///JOB2
///ARGSET 0,0,0,0,0,0,0,0,0,0,0,0,0,0,0,0
///ARGTYPE ,,,,,,,,,,,,,,,
///COMMENT1
















///COMMENT2
















///TAGDISP 0,0,0,0,0,0,0,0,0,0,0,0,0,0,0,0
///TAGCOMM
















///TAGINIT
0,0,0,0,0,0,0,0
0,0,0,0,0,0,0,0
//MACRO1 33
///ATTR 0,0,0,0,0,0,0,0
///JOB1
///JOB2
///ARGSET 0,0,0,0,0,0,0,0,0,0,0,0,0,0,0,0
///ARGTYPE ,,,,,,,,,,,,,,,
///COMMENT1
















///COMMENT2
















///TAGDISP 0,0,0,0,0,0,0,0,0,0,0,0,0,0,0,0
///TAGCOMM
















///TAGINIT
0,0,0,0,0,0,0,0
0,0,0,0,0,0,0,0
//MACRO1 34
///ATTR 0,0,0,0,0,0,0,0
///JOB1
///JOB2
///ARGSET 0,0,0,0,0,0,0,0,0,0,0,0,0,0,0,0
///ARGTYPE ,,,,,,,,,,,,,,,
///COMMENT1
















///COMMENT2
















///TAGDISP 0,0,0,0,0,0,0,0,0,0,0,0,0,0,0,0
///TAGCOMM
















///TAGINIT
0,0,0,0,0,0,0,0
0,0,0,0,0,0,0,0
//MACRO1 35
///ATTR 0,0,0,0,0,0,0,0
///JOB1
///JOB2
///ARGSET 0,0,0,0,0,0,0,0,0,0,0,0,0,0,0,0
///ARGTYPE ,,,,,,,,,,,,,,,
///COMMENT1
















///COMMENT2
















///TAGDISP 0,0,0,0,0,0,0,0,0,0,0,0,0,0,0,0
///TAGCOMM
















///TAGINIT
0,0,0,0,0,0,0,0
0,0,0,0,0,0,0,0
//MACRO1 36
///ATTR 0,0,0,0,0,0,0,0
///JOB1
///JOB2
///ARGSET 0,0,0,0,0,0,0,0,0,0,0,0,0,0,0,0
///ARGTYPE ,,,,,,,,,,,,,,,
///COMMENT1
















///COMMENT2
















///TAGDISP 0,0,0,0,0,0,0,0,0,0,0,0,0,0,0,0
///TAGCOMM
















///TAGINIT
0,0,0,0,0,0,0,0
0,0,0,0,0,0,0,0
//MACRO1 37
///ATTR 0,0,0,0,0,0,0,0
///JOB1
///JOB2
///ARGSET 0,0,0,0,0,0,0,0,0,0,0,0,0,0,0,0
///ARGTYPE ,,,,,,,,,,,,,,,
///COMMENT1
















///COMMENT2
















///TAGDISP 0,0,0,0,0,0,0,0,0,0,0,0,0,0,0,0
///TAGCOMM
















///TAGINIT
0,0,0,0,0,0,0,0
0,0,0,0,0,0,0,0
//MACRO1 38
///ATTR 0,0,0,0,0,0,0,0
///JOB1
///JOB2
///ARGSET 0,0,0,0,0,0,0,0,0,0,0,0,0,0,0,0
///ARGTYPE ,,,,,,,,,,,,,,,
///COMMENT1
















///COMMENT2
















///TAGDISP 0,0,0,0,0,0,0,0,0,0,0,0,0,0,0,0
///TAGCOMM
















///TAGINIT
0,0,0,0,0,0,0,0
0,0,0,0,0,0,0,0
//MACRO1 39
///ATTR 0,0,0,0,0,0,0,0
///JOB1
///JOB2
///ARGSET 0,0,0,0,0,0,0,0,0,0,0,0,0,0,0,0
///ARGTYPE ,,,,,,,,,,,,,,,
///COMMENT1
















///COMMENT2
















///TAGDISP 0,0,0,0,0,0,0,0,0,0,0,0,0,0,0,0
///TAGCOMM
















///TAGINIT
0,0,0,0,0,0,0,0
0,0,0,0,0,0,0,0
//MACRO1 40
///ATTR 0,0,0,0,0,0,0,0
///JOB1
///JOB2
///ARGSET 0,0,0,0,0,0,0,0,0,0,0,0,0,0,0,0
///ARGTYPE ,,,,,,,,,,,,,,,
///COMMENT1
















///COMMENT2
















///TAGDISP 0,0,0,0,0,0,0,0,0,0,0,0,0,0,0,0
///TAGCOMM
















///TAGINIT
0,0,0,0,0,0,0,0
0,0,0,0,0,0,0,0
//MACRO1 41
///ATTR 0,0,0,0,0,0,0,0
///JOB1
///JOB2
///ARGSET 0,0,0,0,0,0,0,0,0,0,0,0,0,0,0,0
///ARGTYPE ,,,,,,,,,,,,,,,
///COMMENT1
















///COMMENT2
















///TAGDISP 0,0,0,0,0,0,0,0,0,0,0,0,0,0,0,0
///TAGCOMM
















///TAGINIT
0,0,0,0,0,0,0,0
0,0,0,0,0,0,0,0
//MACRO1 42
///ATTR 0,0,0,0,0,0,0,0
///JOB1
///JOB2
///ARGSET 0,0,0,0,0,0,0,0,0,0,0,0,0,0,0,0
///ARGTYPE ,,,,,,,,,,,,,,,
///COMMENT1
















///COMMENT2
















///TAGDISP 0,0,0,0,0,0,0,0,0,0,0,0,0,0,0,0
///TAGCOMM
















///TAGINIT
0,0,0,0,0,0,0,0
0,0,0,0,0,0,0,0
//MACRO1 43
///ATTR 0,0,0,0,0,0,0,0
///JOB1
///JOB2
///ARGSET 0,0,0,0,0,0,0,0,0,0,0,0,0,0,0,0
///ARGTYPE ,,,,,,,,,,,,,,,
///COMMENT1
















///COMMENT2
















///TAGDISP 0,0,0,0,0,0,0,0,0,0,0,0,0,0,0,0
///TAGCOMM
















///TAGINIT
0,0,0,0,0,0,0,0
0,0,0,0,0,0,0,0
//MACRO1 44
///ATTR 0,0,0,0,0,0,0,0
///JOB1
///JOB2
///ARGSET 0,0,0,0,0,0,0,0,0,0,0,0,0,0,0,0
///ARGTYPE ,,,,,,,,,,,,,,,
///COMMENT1
















///COMMENT2
















///TAGDISP 0,0,0,0,0,0,0,0,0,0,0,0,0,0,0,0
///TAGCOMM
















///TAGINIT
0,0,0,0,0,0,0,0
0,0,0,0,0,0,0,0
//MACRO1 45
///ATTR 0,0,0,0,0,0,0,0
///JOB1
///JOB2
///ARGSET 0,0,0,0,0,0,0,0,0,0,0,0,0,0,0,0
///ARGTYPE ,,,,,,,,,,,,,,,
///COMMENT1
















///COMMENT2
















///TAGDISP 0,0,0,0,0,0,0,0,0,0,0,0,0,0,0,0
///TAGCOMM
















///TAGINIT
0,0,0,0,0,0,0,0
0,0,0,0,0,0,0,0
//MACRO1 46
///ATTR 0,0,0,0,0,0,0,0
///JOB1
///JOB2
///ARGSET 0,0,0,0,0,0,0,0,0,0,0,0,0,0,0,0
///ARGTYPE ,,,,,,,,,,,,,,,
///COMMENT1
















///COMMENT2
















///TAGDISP 0,0,0,0,0,0,0,0,0,0,0,0,0,0,0,0
///TAGCOMM
















///TAGINIT
0,0,0,0,0,0,0,0
0,0,0,0,0,0,0,0
//MACRO1 47
///ATTR 0,0,0,0,0,0,0,0
///JOB1
///JOB2
///ARGSET 0,0,0,0,0,0,0,0,0,0,0,0,0,0,0,0
///ARGTYPE ,,,,,,,,,,,,,,,
///COMMENT1
















///COMMENT2
















///TAGDISP 0,0,0,0,0,0,0,0,0,0,0,0,0,0,0,0
///TAGCOMM
















///TAGINIT
0,0,0,0,0,0,0,0
0,0,0,0,0,0,0,0
//MACRO1 48
///ATTR 0,0,0,0,0,0,0,0
///JOB1
///JOB2
///ARGSET 0,0,0,0,0,0,0,0,0,0,0,0,0,0,0,0
///ARGTYPE ,,,,,,,,,,,,,,,
///COMMENT1
















///COMMENT2
















///TAGDISP 0,0,0,0,0,0,0,0,0,0,0,0,0,0,0,0
///TAGCOMM
















///TAGINIT
0,0,0,0,0,0,0,0
0,0,0,0,0,0,0,0
//MACRO1 49
///ATTR 0,0,0,0,0,0,0,0
///JOB1
///JOB2
///ARGSET 0,0,0,0,0,0,0,0,0,0,0,0,0,0,0,0
///ARGTYPE ,,,,,,,,,,,,,,,
///COMMENT1
















///COMMENT2
















///TAGDISP 0,0,0,0,0,0,0,0,0,0,0,0,0,0,0,0
///TAGCOMM
















///TAGINIT
0,0,0,0,0,0,0,0
0,0,0,0,0,0,0,0
//MACRO1 50
///ATTR 0,0,0,0,0,0,0,0
///JOB1
///JOB2
///ARGSET 0,0,0,0,0,0,0,0,0,0,0,0,0,0,0,0
///ARGTYPE ,,,,,,,,,,,,,,,
///COMMENT1
















///COMMENT2
















///TAGDISP 0,0,0,0,0,0,0,0,0,0,0,0,0,0,0,0
///TAGCOMM
















///TAGINIT
0,0,0,0,0,0,0,0
0,0,0,0,0,0,0,0
//MACRO1 51
///ATTR 0,0,0,0,0,0,0,0
///JOB1
///JOB2
///ARGSET 0,0,0,0,0,0,0,0,0,0,0,0,0,0,0,0
///ARGTYPE ,,,,,,,,,,,,,,,
///COMMENT1
















///COMMENT2
















///TAGDISP 0,0,0,0,0,0,0,0,0,0,0,0,0,0,0,0
///TAGCOMM
















///TAGINIT
0,0,0,0,0,0,0,0
0,0,0,0,0,0,0,0
//MACRO1 52
///ATTR 0,0,0,0,0,0,0,0
///JOB1
///JOB2
///ARGSET 0,0,0,0,0,0,0,0,0,0,0,0,0,0,0,0
///ARGTYPE ,,,,,,,,,,,,,,,
///COMMENT1
















///COMMENT2
















///TAGDISP 0,0,0,0,0,0,0,0,0,0,0,0,0,0,0,0
///TAGCOMM
















///TAGINIT
0,0,0,0,0,0,0,0
0,0,0,0,0,0,0,0
//MACRO1 53
///ATTR 0,0,0,0,0,0,0,0
///JOB1
///JOB2
///ARGSET 0,0,0,0,0,0,0,0,0,0,0,0,0,0,0,0
///ARGTYPE ,,,,,,,,,,,,,,,
///COMMENT1
















///COMMENT2
















///TAGDISP 0,0,0,0,0,0,0,0,0,0,0,0,0,0,0,0
///TAGCOMM
















///TAGINIT
0,0,0,0,0,0,0,0
0,0,0,0,0,0,0,0
//MACRO1 54
///ATTR 0,0,0,0,0,0,0,0
///JOB1
///JOB2
///ARGSET 0,0,0,0,0,0,0,0,0,0,0,0,0,0,0,0
///ARGTYPE ,,,,,,,,,,,,,,,
///COMMENT1
















///COMMENT2
















///TAGDISP 0,0,0,0,0,0,0,0,0,0,0,0,0,0,0,0
///TAGCOMM
















///TAGINIT
0,0,0,0,0,0,0,0
0,0,0,0,0,0,0,0
//MACRO1 55
///ATTR 0,0,0,0,0,0,0,0
///JOB1
///JOB2
///ARGSET 0,0,0,0,0,0,0,0,0,0,0,0,0,0,0,0
///ARGTYPE ,,,,,,,,,,,,,,,
///COMMENT1
















///COMMENT2
















///TAGDISP 0,0,0,0,0,0,0,0,0,0,0,0,0,0,0,0
///TAGCOMM
















///TAGINIT
0,0,0,0,0,0,0,0
0,0,0,0,0,0,0,0
//MACRO1 56
///ATTR 0,0,0,0,0,0,0,0
///JOB1
///JOB2
///ARGSET 0,0,0,0,0,0,0,0,0,0,0,0,0,0,0,0
///ARGTYPE ,,,,,,,,,,,,,,,
///COMMENT1
















///COMMENT2
















///TAGDISP 0,0,0,0,0,0,0,0,0,0,0,0,0,0,0,0
///TAGCOMM
















///TAGINIT
0,0,0,0,0,0,0,0
0,0,0,0,0,0,0,0
//MACRO1 57
///ATTR 0,0,0,0,0,0,0,0
///JOB1
///JOB2
///ARGSET 0,0,0,0,0,0,0,0,0,0,0,0,0,0,0,0
///ARGTYPE ,,,,,,,,,,,,,,,
///COMMENT1
















///COMMENT2
















///TAGDISP 0,0,0,0,0,0,0,0,0,0,0,0,0,0,0,0
///TAGCOMM
















///TAGINIT
0,0,0,0,0,0,0,0
0,0,0,0,0,0,0,0
//MACRO1 58
///ATTR 0,0,0,0,0,0,0,0
///JOB1
///JOB2
///ARGSET 0,0,0,0,0,0,0,0,0,0,0,0,0,0,0,0
///ARGTYPE ,,,,,,,,,,,,,,,
///COMMENT1
















///COMMENT2
















///TAGDISP 0,0,0,0,0,0,0,0,0,0,0,0,0,0,0,0
///TAGCOMM
















///TAGINIT
0,0,0,0,0,0,0,0
0,0,0,0,0,0,0,0
//MACRO1 59
///ATTR 0,0,0,0,0,0,0,0
///JOB1
///JOB2
///ARGSET 0,0,0,0,0,0,0,0,0,0,0,0,0,0,0,0
///ARGTYPE ,,,,,,,,,,,,,,,
///COMMENT1
















///COMMENT2
















///TAGDISP 0,0,0,0,0,0,0,0,0,0,0,0,0,0,0,0
///TAGCOMM
















///TAGINIT
0,0,0,0,0,0,0,0
0,0,0,0,0,0,0,0
//MACRO1 60
///ATTR 0,0,0,0,0,0,0,0
///JOB1
///JOB2
///ARGSET 0,0,0,0,0,0,0,0,0,0,0,0,0,0,0,0
///ARGTYPE ,,,,,,,,,,,,,,,
///COMMENT1
















///COMMENT2
















///TAGDISP 0,0,0,0,0,0,0,0,0,0,0,0,0,0,0,0
///TAGCOMM
















///TAGINIT
0,0,0,0,0,0,0,0
0,0,0,0,0,0,0,0
//MACRO1 61
///ATTR 0,0,0,0,0,0,0,0
///JOB1
///JOB2
///ARGSET 0,0,0,0,0,0,0,0,0,0,0,0,0,0,0,0
///ARGTYPE ,,,,,,,,,,,,,,,
///COMMENT1
















///COMMENT2
















///TAGDISP 0,0,0,0,0,0,0,0,0,0,0,0,0,0,0,0
///TAGCOMM
















///TAGINIT
0,0,0,0,0,0,0,0
0,0,0,0,0,0,0,0
//MACRO1 62
///ATTR 0,0,0,0,0,0,0,0
///JOB1
///JOB2
///ARGSET 0,0,0,0,0,0,0,0,0,0,0,0,0,0,0,0
///ARGTYPE ,,,,,,,,,,,,,,,
///COMMENT1
















///COMMENT2
















///TAGDISP 0,0,0,0,0,0,0,0,0,0,0,0,0,0,0,0
///TAGCOMM
















///TAGINIT
0,0,0,0,0,0,0,0
0,0,0,0,0,0,0,0
//MACRO1 63
///ATTR 0,0,0,0,0,0,0,0
///JOB1
///JOB2
///ARGSET 0,0,0,0,0,0,0,0,0,0,0,0,0,0,0,0
///ARGTYPE ,,,,,,,,,,,,,,,
///COMMENT1
















///COMMENT2
















///TAGDISP 0,0,0,0,0,0,0,0,0,0,0,0,0,0,0,0
///TAGCOMM
















///TAGINIT
0,0,0,0,0,0,0,0
0,0,0,0,0,0,0,0
//MACRO1 64
///ATTR 0,0,0,0,0,0,0,0
///JOB1
///JOB2
///ARGSET 0,0,0,0,0,0,0,0,0,0,0,0,0,0,0,0
///ARGTYPE ,,,,,,,,,,,,,,,
///COMMENT1
















///COMMENT2
















///TAGDISP 0,0,0,0,0,0,0,0,0,0,0,0,0,0,0,0
///TAGCOMM
















///TAGINIT
0,0,0,0,0,0,0,0
0,0,0,0,0,0,0,0
